[header]
width=20
height=16
tilewidth=32
tileheight=32

[tilesets]
tileset=Tileset.png,32,32,0,0

[layer]
type=Tile Layer 1
data=12,12,12,13,31,11,12,12,12,12,12,12,12,12,12,12,12,12,12,12,12,12,12,13,30,11,12,13,20,20,20,20,19,19,11,12,12,12,12,12,20,20,3,13,31,11,12,13,1,1,1,1,1,1,20,21,20,21,20,21,1,1,1,20,31,3,5,20,10,1,1,1,1,10,1,35,1,4,1,1,1,28,10,1,30,1,4,4,4,10,4,1,42,1,10,1,1,20,1,1,1,1,1,1,31,1,11,12,5,1,20,1,1,1,1,1,1,1,1,1,1,1,4,1,31,1,20,21,10,1,41,26,1,10,1,1,1,1,9,1,1,1,20,10,33,1,1,1,1,35,42,41,26,1,4,4,4,1,1,2,4,1,1,1,31,1,10,1,1,1,1,1,1,1,11,12,13,1,1,1,20,1,1,1,38,23,23,23,23,32,23,23,24,1,19,20,21,1,2,9,1,10,37,1,1,1,1,1,1,1,29,27,31,1,1,1,42,43,44,44,1,1,1,1,1,1,1,35,1,1,21,20,31,43,44,44,44,49,52,52,1,35,1,1,4,10,1,1,10,9,1,1,30,51,52,52,52,52,52,52,1,1,37,1,11,27,1,26,42,9,9,9,31,51,52,52,58,60,60,60,1,1,1,10,19,21,1,42,26,37,1,1,6,59,60,60,61,1,1,10,1,1,1,1,1,1,1,1,1,1,1,1,1,1,1,1,1,10,1,1